[[[118 104 113]
  [117 103 112]
  [119 100 110]
  ...
  [ 96  73 202]
  [ 97  71 201]
  [ 97  71 201]]

 [[106 105 108]
  [107 106 109]
  [109 102 108]
  ...
  [ 99  73 196]
  [ 94  72 196]
  [ 92  71 195]]

 [[ 99 105 106]
  [101 107 109]
  [102 106 108]
  ...
  [ 98  78 198]
  [ 95  74 196]
  [ 94  73 195]]

 ...

 [[ 90  84  89]
  [ 88  81  87]
  [ 90  85  88]
  ...
  [147 166 255]
  [150 166 255]
  [149 165 255]]

 [[ 88  82  85]
  [ 87  81  84]
  [ 87  80  86]
  ...
  [147 163 255]
  [148 167 255]
  [147 166 255]]

 [[ 87  81  84]
  [ 84  79  82]
  [ 86  80  83]
  ...
  [150 166 255]
  [148 167 255]
  [148 167 255]]]